id,EAP,HPL,MWS
id02310,0.03046,0.01403,0.95551
id24541,0.9176,0.04918,0.03321
id00134,0.51956,0.45881,0.02163
id27757,0.39696,0.60192,0.00112
id04081,0.78213,0.12066,0.09721
id27337,0.56879,0.40956,0.02166
id24265,0.46103,0.42368,0.1153
id25917,0.15152,0.14762,0.70086
id04951,0.99477,0.00511,0.00011
id14549,0.62381,0.10343,0.27277
id22505,0.03383,0.0967,0.86947
id24002,4e-05,0.99985,0.0001
id18982,0.71971,0.24492,0.03537
id15181,0.0111,0.98841,0.00049
id21888,0.87352,0.05824,0.06824
id12035,0.00505,0.00228,0.99267
id17991,0.2988,0.02768,0.67352
id10707,0.99756,0.00145,0.00099
id07101,0.20383,0.17149,0.62467
id00345,0.07874,0.91391,0.00735
id05912,0.69941,0.11001,0.19058
id13443,0.98743,0.00992,0.00265
id09248,0.0165,0.21058,0.77293
id17542,0.00236,0.99598,0.00166
id06995,0.15199,0.03702,0.81099
id25159,0.70169,0.03081,0.2675
id25729,0.62359,0.2888,0.0876
id26949,0.88609,0.04167,0.07224
id27191,0.73808,0.07453,0.18739
id07668,0.40852,0.01207,0.57942
id02230,0.06799,0.40356,0.52845
id15553,0.9629,0.01193,0.02517
id25688,0.01012,0.98671,0.00318
id17545,0.99351,0.00111,0.00538
id13929,0.13473,0.2276,0.63767
id12880,0.76664,0.09257,0.14079
id19282,0.60534,0.13216,0.26249
id14690,0.04743,0.00111,0.95146
id17975,0.06027,0.92488,0.01485
id08037,0.62836,0.03232,0.33931
id15412,0.10305,0.04997,0.84699
id25032,0.48508,0.20157,0.31335
id27165,0.99875,0.00047,0.00078
id03327,0.59463,0.37471,0.03066
id18515,0.58668,0.10655,0.30676
id21003,0.33785,0.08678,0.57537
id23855,0.00557,0.91361,0.08082
id20724,0.4736,0.2158,0.3106
id13303,0.49378,0.04003,0.46619
id16521,0.01052,0.17771,0.81177
id20775,0.88876,0.10299,0.00825
id13029,0.99271,0.00497,0.00232
id14660,0.70743,0.25962,0.03295
id11028,0.00361,0.00077,0.99562
id14180,0.92024,0.06885,0.01092
id25860,0.98968,0.00795,0.00237
id11910,0.35408,0.30887,0.33705
id08065,0.84628,0.07393,0.07978
id22674,0.17606,0.00827,0.81567
id25018,0.18567,0.01559,0.79874
id10892,0.29927,0.50293,0.1978
id10217,0.03149,0.96467,0.00383
id12996,0.52552,0.20578,0.2687
id18262,0.39092,0.36692,0.24216
id08606,0.00508,0.98925,0.00567
id17233,0.97003,0.0199,0.01007
id00101,0.85548,0.10548,0.03904
id12225,0.88893,0.11006,0.00102
id01364,0.31428,0.56942,0.1163
id24973,0.71939,0.09029,0.19032
id25363,0.78865,0.00949,0.20187
id10061,0.36687,0.07491,0.55822
id17673,0.20652,0.7832,0.01028
id13249,0.7868,0.03961,0.17359
id10107,0.06761,0.01469,0.91771
id04403,0.96708,0.00464,0.02828
id25728,0.62949,0.17979,0.19072
id16184,0.58218,0.18049,0.23733
id03438,0.00472,0.00022,0.99505
id22923,0.00525,0.99403,0.00072
id08610,0.96491,0.0123,0.02279
id25355,0.18575,0.09248,0.72177
id16916,0.55185,0.33248,0.11568
id12793,0.00881,0.98455,0.00664
id11859,0.63089,0.20096,0.16815
id02434,0.99716,0.00204,0.0008
id27703,0.01458,0.01112,0.9743
id25212,0.06008,0.93881,0.00111
id11308,0.18582,0.25003,0.56415
id26094,0.96085,0.03019,0.00897
id22080,0.7315,0.23317,0.03533
id03545,0.94407,0.05076,0.00516
id23725,0.03893,0.26432,0.69675
id12009,0.85513,0.10627,0.0386
id24241,0.41173,0.10582,0.48245
id03596,0.02205,0.96704,0.01092
id10749,0.16199,0.74373,0.09428
id22794,0.2329,0.07968,0.68743
id15482,0.26998,0.67937,0.05065
id04833,0.88453,0.08267,0.03279
id00397,0.01815,0.00147,0.98038
id14691,0.00848,0.00129,0.99022
id05193,0.18719,0.0422,0.77061
id19541,0.6083,0.03277,0.35893
id22166,0.0102,0.01325,0.97655
id20744,0.06516,0.00376,0.93108
id10392,0.03179,0.02251,0.9457
id00770,0.8874,0.07441,0.03818
id06018,0.21336,0.76512,0.02153
id15678,0.70984,0.00211,0.28805
id08305,0.82883,0.12909,0.04208
id08903,0.10353,0.05304,0.84342
id14752,0.29666,0.68147,0.02187
id12468,0.03648,0.96044,0.00308
id05085,0.22259,0.76578,0.01163
id21993,0.28248,0.06381,0.65371
id15503,0.75334,0.23332,0.01334
id03021,0.00015,0.99953,0.00032
id16123,0.99951,0.00041,8e-05
id19383,0.8973,0.08056,0.02214
id04186,0.99607,0.00186,0.00206
id17954,0.02803,0.00233,0.96965
id12030,0.29789,0.07285,0.62926
id13020,0.65321,0.3295,0.01728
id25327,0.14162,0.42777,0.43061
id16344,0.42979,0.06854,0.50167
id12303,0.32788,0.37225,0.29987
id15017,0.90713,0.09176,0.00111
id22308,0.13866,0.03896,0.82238
id06536,0.00992,0.00354,0.98654
id19797,0.01517,0.94948,0.03535
id06332,0.57702,0.23969,0.18329
id22941,0.50547,0.16153,0.33299
id13547,0.09704,0.05781,0.84515
id06928,0.02387,0.00118,0.97495
id12521,0.93811,0.04855,0.01334
id25716,0.50631,0.17038,0.32331
id27116,0.00017,6e-05,0.99977
id19941,0.01231,0.9322,0.05549
id05711,0.0002,0.00057,0.99923
id02097,0.00946,0.06672,0.92382
id03563,0.03793,0.95372,0.00836
id02295,0.30923,0.38612,0.30465
id08179,0.99864,0.0012,0.00016
id05332,0.03014,0.95383,0.01603
id15697,0.43961,0.08809,0.4723
id17026,0.03058,0.01617,0.95325
id04243,0.55471,0.43496,0.01034
id13175,0.99992,7e-05,1e-05
id05387,0.71803,0.01191,0.27006
id19989,0.82576,0.08438,0.08986
id25173,0.50208,0.13443,0.36349
id08925,0.03659,0.96229,0.00112
id03034,0.03104,0.90445,0.0645
id13272,0.00254,0.99371,0.00375
id07956,0.92044,0.03324,0.04633
id02648,0.01588,0.00108,0.98304
id01778,0.15692,0.01155,0.83153
id12846,0.05142,0.00172,0.94686
id19001,0.74059,0.06227,0.19713
id05763,0.74873,0.06993,0.18133
id15590,0.00458,0.00275,0.99267
id04912,0.5381,0.13102,0.33089
id21201,0.92852,0.05134,0.02014
id13215,0.99209,0.00307,0.00484
id15612,0.23394,0.73838,0.02768
id18501,0.02284,0.01256,0.9646
id07223,0.32583,0.48776,0.1864
id06707,0.69417,0.06452,0.24131
id05238,0.00478,0.99219,0.00304
id00935,0.10337,0.05684,0.83979
id00110,0.6412,0.06733,0.29148
id17476,0.97936,0.01535,0.00529
id15170,0.98805,0.00861,0.00334
id13397,0.26713,0.09735,0.63552
id24283,0.5046,0.08056,0.41485
id15234,0.97224,0.02674,0.00102
id16884,0.52951,0.0918,0.37869
id07831,0.19316,0.70047,0.10637
id16038,0.7711,0.14764,0.08126
id03629,0.1675,0.25593,0.57657
id21019,0.6233,0.11821,0.25849
id21835,0.48018,0.17916,0.34066
id04480,0.14433,0.85523,0.00044
id20838,0.73221,0.14874,0.11905
id24195,0.82674,0.08361,0.08965
id05448,0.88576,0.04922,0.06502
id15957,0.08762,0.90609,0.0063
id19956,0.02715,0.00088,0.97196
id15104,0.15282,0.16307,0.68412
id17559,0.50197,0.3176,0.18043
id16839,0.24541,0.40562,0.34897
id14493,0.502,0.06856,0.42945
id08833,0.80933,0.0211,0.16957
id15723,0.18974,0.2267,0.58355
id02716,0.73767,0.21065,0.05167
id06689,0.03633,0.93494,0.02872
id18837,0.41376,0.13808,0.44817
id04466,0.86825,0.12027,0.01148
id00686,0.90147,0.0468,0.05173
id09010,0.15437,0.83892,0.00671
id23353,0.43767,0.3585,0.20383
id00066,0.60435,0.11228,0.28338
id15724,0.20962,0.72487,0.06551
id23486,0.15798,0.0438,0.79821
id22258,0.14847,0.05362,0.79791
id02292,0.17044,0.74881,0.08075
id16356,0.15891,0.02477,0.81632
id00235,0.85758,0.0158,0.12662
id25522,0.06413,0.00996,0.92591
id04204,0.02364,0.92987,0.04648
id22016,0.1437,0.04134,0.81495
id06480,0.20595,0.73528,0.05877
id08718,0.04869,0.02233,0.92898
id05251,0.00911,0.97437,0.01652
id03359,0.69856,0.12314,0.1783
id16117,0.1311,0.01111,0.85779
id17000,0.01243,0.98653,0.00104
id01730,0.31746,0.65034,0.0322
id00630,0.24596,0.59002,0.16402
id18175,0.10458,0.01054,0.88487
id00907,0.86606,0.12174,0.0122
id18251,0.06495,0.92917,0.00588
id25861,0.64961,0.03786,0.31253
id00398,0.62625,0.11456,0.2592
id27573,0.96648,0.00383,0.02969
id10022,0.02767,0.95838,0.01395
id15901,0.07456,0.00472,0.92072
id00451,0.07203,0.01881,0.90917
id23129,0.11467,0.84855,0.03678
id26498,0.26226,0.55873,0.17901
id14741,0.76692,0.07925,0.15383
id18453,0.11484,0.03314,0.85201
id08309,0.88952,0.07342,0.03705
id00320,0.97608,0.00695,0.01698
id07688,0.24435,0.11003,0.64563
id01556,0.1387,0.01718,0.84412
id00178,0.64903,0.07499,0.27598
id18902,0.04035,0.01389,0.94576
id27002,0.63043,0.19043,0.17914
id21418,0.9934,0.00638,0.00021
id23018,0.87625,0.0078,0.11595
id07032,0.37589,0.3081,0.31601
id16195,0.99093,0.00473,0.00433
id11202,0.06894,0.88548,0.04559
id09578,0.42242,0.1451,0.43248
id26984,0.75419,0.02705,0.21876
id19856,0.07261,0.88927,0.03812
id12086,0.59843,0.12227,0.27931
id12052,0.01916,0.02268,0.95816
id17728,0.07751,0.0224,0.90009
id24608,0.8919,0.02354,0.08456
id21097,0.32679,0.08869,0.58452
id20179,0.00121,0.00011,0.99868
id15144,0.32862,0.52086,0.15052
id00206,0.80508,0.09093,0.10399
id22285,0.00584,0.00116,0.993
id06417,0.04282,0.82076,0.13642
id00215,0.00567,0.99372,0.00061
id04201,0.2449,0.0204,0.7347
id21771,0.95793,0.02683,0.01525
id12451,0.07787,0.64519,0.27694
id14250,0.13514,0.58311,0.28174
id03433,0.01145,0.98768,0.00087
id03303,0.15097,0.0095,0.83953
id25901,0.42854,0.35814,0.21332
id06945,0.74191,0.02268,0.23541
id05664,0.31832,0.43076,0.25092
id05741,0.96034,0.0121,0.02756
id10652,0.54781,0.25023,0.20196
id16300,0.81827,0.05927,0.12246
id12319,0.37948,0.2932,0.32731
id07500,0.04166,0.95364,0.0047
id12478,0.24735,0.36942,0.38323
id03076,0.04342,0.00649,0.95009
id00969,0.07477,0.9098,0.01543
id23636,0.21835,0.47005,0.3116
id09791,0.19942,0.04004,0.76055
id05680,0.18307,0.53611,0.28082
id03672,0.14578,0.8513,0.00292
id04286,0.04772,0.85298,0.0993
id23883,0.02869,0.1729,0.79842
id11914,0.55995,0.05437,0.38568
id20974,0.22867,0.72039,0.05093
id26125,0.00091,0.01067,0.98842
id15543,0.36238,0.03493,0.6027
id19471,0.99681,0.00228,0.00091
id11503,0.65568,0.24424,0.10009
id09321,0.00577,0.97598,0.01825
id25560,0.00135,0.00214,0.99651
id06726,0.41879,0.44567,0.13555
id05709,0.81863,0.0856,0.09577
id09788,0.08852,0.53402,0.37746
id05289,0.99969,0.00027,4e-05
id11815,0.05721,0.92186,0.02093
id22422,0.93665,0.04812,0.01523
id25954,0.89079,0.00159,0.10762
id13601,0.40641,0.48785,0.10574
id05677,0.60243,0.00405,0.39351
id10498,0.11548,0.8835,0.00102
id02665,0.40168,0.41164,0.18668
id10114,0.0229,0.83534,0.14175
id26314,0.74823,0.22415,0.02762
id21240,0.84961,0.08054,0.06985
id15569,0.35781,0.6199,0.02229
id25928,0.15243,0.14453,0.70304
id22706,0.05939,0.93866,0.00195
id20877,0.17999,0.74166,0.07834
id04318,0.92564,0.0262,0.04816
id18299,0.1073,0.82087,0.07183
id08126,0.51082,0.01063,0.47855
id14293,0.52601,0.05679,0.4172
id12759,0.97755,0.01722,0.00523
id11983,0.40192,0.0221,0.57598
id05580,0.08384,0.76975,0.14641
id25846,0.40545,0.24819,0.34636
id01939,0.39247,0.10345,0.50409
id26327,0.14657,0.45139,0.40204
id11068,0.07411,0.02062,0.90527
id08404,0.66829,0.03407,0.29764
id27189,0.1991,0.77422,0.02668
id15119,0.43289,0.42619,0.14092
id26525,0.85326,0.09137,0.05536
id03618,0.9363,0.05266,0.01104
id27220,0.94423,0.02059,0.03518
id18777,0.23356,0.09252,0.67393
id20213,0.85812,0.03657,0.10531
id20403,0.84808,0.10578,0.04614
id03777,0.10866,0.05606,0.83528
id10595,0.02436,0.95679,0.01884
id13816,0.25263,0.00648,0.74089
id05667,0.18556,0.10716,0.70728
id24629,0.35706,0.11009,0.53285
id20398,0.34049,0.15263,0.50689
id14108,0.02865,0.02327,0.94808
id06196,0.01258,0.98357,0.00385
id02800,0.3711,0.56981,0.05909
id18732,0.14693,0.81462,0.03845
id11915,0.12005,0.73501,0.14493
id09739,0.68676,0.16384,0.1494
id24672,0.96253,0.03062,0.00686
id00414,0.02223,0.06555,0.91222
id16307,0.99598,0.00182,0.0022
id14043,0.29364,0.13848,0.56788
id00517,0.00082,0.00072,0.99846
id09744,0.99075,0.00922,3e-05
id19257,0.75837,0.08246,0.15917
id15437,0.5794,0.3764,0.0442
id16352,0.01175,0.00816,0.98009
id18849,0.47225,0.14736,0.38039
id19434,0.00032,0.99951,0.00017
id17928,0.22663,0.01393,0.75944
id16896,0.13393,0.00443,0.86165
id02135,0.23974,0.43513,0.32513
id15075,0.90456,0.08849,0.00695
id27486,0.00038,0.99869,0.00094
id19422,0.78289,0.20699,0.01012
id09603,0.01089,0.95236,0.03675
id02133,0.18407,0.7762,0.03973
id03441,0.79601,0.05531,0.14868
id02398,0.01063,0.98811,0.00126
id05152,0.12033,0.02005,0.85962
id17838,0.04484,0.00683,0.94833
id25060,0.9758,0.02374,0.00046
id09998,0.00828,0.02946,0.96225
id01828,0.12299,0.8404,0.03661
id25377,0.28043,0.09259,0.62698
id22175,0.15988,0.79176,0.04836
id02974,0.16735,0.00832,0.82433
id26955,0.98481,0.01375,0.00143
id21091,0.93823,0.05794,0.00384
id12802,0.98415,0.00942,0.00643
id07432,0.00085,0.99876,0.00039
id18749,0.35329,0.27859,0.36812
id15030,0.04434,0.04508,0.91059
id17155,0.10149,0.87707,0.02144
id08128,0.00648,0.9088,0.08472
id25706,0.00776,0.97052,0.02172
id15645,0.55312,0.1979,0.24898
id04943,0.18705,0.77705,0.0359
id27566,0.02418,0.01375,0.96207
id11765,0.43283,0.19725,0.36992
id13783,0.18649,0.65329,0.16022
id00492,0.07044,0.0612,0.86836
id27636,0.02851,0.00548,0.966
id04273,0.92466,0.01669,0.05865
id02537,0.27435,0.25657,0.46908
id24349,0.64377,0.34424,0.01199
id00023,0.00111,0.9941,0.00479
id23025,0.20193,0.79237,0.0057
id08722,0.68265,0.11796,0.19939
id02420,0.99725,0.00245,0.0003
id10811,0.90586,0.05487,0.03927
id04019,0.04203,0.08244,0.87553
id18334,0.93893,0.05836,0.00271
id16781,0.53916,0.45092,0.00991
id08773,0.34556,0.65234,0.0021
id19214,0.68744,0.27117,0.04139
id09589,0.00018,0.99767,0.00216
id24246,0.71276,0.09068,0.19656
id23577,0.169,0.82398,0.00702
id09305,0.73874,0.09433,0.16693
id16460,0.56734,0.07263,0.36003
id21115,0.4209,0.22693,0.35217
id25996,0.45848,0.12136,0.42016
id02551,0.00031,0.00081,0.99888
id19352,0.04803,0.00023,0.95174
id03806,0.10274,0.01672,0.88055
id26544,0.942,0.04217,0.01583
id18761,0.86814,0.0288,0.10306
id24148,0.46918,0.52305,0.00777
id16095,0.1986,0.72038,0.08102
id18442,0.37786,0.11195,0.51018
id22596,0.00114,0.00036,0.9985
id23002,0.01641,0.00696,0.97663
id04797,0.99369,0.00088,0.00543
id06610,0.23668,0.06177,0.70155
id16173,0.43182,0.42443,0.14375
id18292,0.18168,0.00888,0.80945
id27328,0.89907,0.01975,0.08118
id01695,0.07933,0.89665,0.02402
id05761,0.3429,0.02944,0.62766
id16354,0.8527,0.05221,0.09509
id12207,0.15263,0.42886,0.41851
id05665,0.23671,0.00232,0.76097
id01911,0.79083,0.20612,0.00305
id19153,0.06106,0.0192,0.91974
id10295,0.5366,0.37527,0.08813
id23038,0.89101,0.06399,0.045
id23783,0.16887,0.82889,0.00224
id27879,0.75502,0.1368,0.10819
id19190,0.00145,0.99845,0.0001
id05065,0.97036,0.02226,0.00738
id21296,0.06867,0.88908,0.04225
id13262,0.19494,0.27504,0.53002
id10333,0.89969,0.02061,0.0797
id16677,0.09882,0.11812,0.78306
id01392,0.7131,0.04661,0.24029
id27874,0.86286,0.13038,0.00676
id02294,0.00044,0.9983,0.00127
id18298,0.03873,0.11097,0.8503
id06997,0.94126,0.01001,0.04873
id05243,0.32441,0.39519,0.2804
id00860,0.01938,0.97178,0.00884
id26681,0.9995,0.00044,6e-05
id06020,0.00553,0.00011,0.99436
id27683,0.55951,0.14126,0.29923
id17655,0.00675,0.9928,0.00044
id08817,0.05422,0.11042,0.83535
id11512,0.02006,0.00801,0.97193
id00478,0.10949,0.00843,0.88208
id02116,0.82896,0.07063,0.10042
id06746,0.97423,0.02051,0.00526
id03863,0.60246,0.31238,0.08516
id01802,0.1251,0.84667,0.02823
id11682,0.59646,0.00464,0.39891
id04033,0.17031,0.46783,0.36186
id09286,0.43999,0.22489,0.33512
id12904,0.97677,0.0226,0.00063
id07420,0.04512,0.01286,0.94202
id22398,0.00057,0.99851,0.00093
id00424,0.17555,0.05802,0.76643
id20960,0.82266,0.07862,0.09872
id10267,0.54607,0.33534,0.11859
id19330,0.40424,0.01269,0.58307
id00994,0.00714,0.99178,0.00109
id10785,0.70014,0.02725,0.27261
id00955,0.00334,0.99316,0.0035
id09757,0.01056,0.98824,0.00121
id10030,0.11763,0.03946,0.84292
id22952,0.13652,0.12594,0.73754
id21955,0.00133,0.00212,0.99655
id07674,0.37376,0.1938,0.43244
id13760,0.00873,0.99076,0.00052
id18166,0.64453,0.20016,0.15531
id23498,0.98841,0.01028,0.00131
id05296,0.91155,0.00413,0.08432
id26709,0.9889,0.00325,0.00785
id02853,0.96793,0.02159,0.01048
id06800,0.316,0.18844,0.49556
id14758,0.06813,0.85836,0.07351
id12356,0.95113,0.04564,0.00323
id21492,0.8944,0.07725,0.02834
id27540,0.27714,0.00232,0.72054
id07376,0.32707,0.58432,0.08862
id15201,0.75539,0.23079,0.01382
id23388,0.24071,0.70265,0.05664
id13923,0.07143,0.82598,0.10259
id00794,0.04769,0.94448,0.00784
id23910,0.58239,0.23571,0.18189
id02556,0.11498,0.18776,0.69725
id22151,0.00126,0.9985,0.00024
id11698,0.33058,0.34351,0.32591
id11627,0.37052,0.0928,0.53668
id06340,0.99918,0.00013,0.00069
id05123,0.65448,0.15335,0.19217
id26620,0.02974,0.02805,0.94221
id04002,0.15413,0.22468,0.62119
id26554,0.86319,0.04195,0.09486
id18012,0.148,0.04446,0.80754
id12964,0.17881,0.09189,0.7293
id18965,0.01174,0.95321,0.03505
id19082,0.1521,0.06629,0.78161
id26742,0.07935,0.007,0.91365
id15442,0.00867,0.99072,0.00061
id16647,0.4052,0.22687,0.36794
id11544,0.09985,0.03114,0.86902
id20581,0.27128,0.33493,0.39379
id13192,0.45956,0.22065,0.31978
id15814,0.45797,0.1002,0.44183
id26279,0.01997,0.97919,0.00084
id00240,0.94465,0.03395,0.0214
id22836,0.95222,0.02608,0.0217
id15085,0.27195,0.27947,0.44858
id17495,0.30263,0.07247,0.6249
id26762,0.16645,0.43292,0.40063
id13685,0.94133,0.00556,0.05311
id16560,0.0223,0.97363,0.00407
id17184,0.01231,0.97068,0.01701
id21635,0.96838,0.01642,0.0152
id26751,0.27583,0.57726,0.14691
id12351,0.87194,0.0418,0.08626
id14872,0.52898,0.24844,0.22258
id18372,0.88785,0.09724,0.01491
id26851,0.6708,0.18084,0.14836
id22659,0.66501,0.32609,0.0089
id04102,0.04615,0.0073,0.94655
id02353,0.06218,0.89877,0.03905
id26721,0.9646,0.02766,0.00774
id11171,0.95027,0.03793,0.0118
id13562,0.2886,0.46485,0.24655
id26425,0.62275,0.09276,0.28449
id26394,0.35932,0.21183,0.42885
id22187,0.04321,0.92855,0.02824
id00422,0.99202,0.00066,0.00731
id22667,0.00146,0.99844,0.0001
id00911,0.83897,0.11518,0.04585
id17291,0.36782,0.07944,0.55274
id01915,0.37336,0.15507,0.47157
id01434,0.01036,0.00654,0.9831
id01584,0.90723,0.01965,0.07312
id09266,0.99721,0.00123,0.00157
id17494,0.01835,0.96774,0.01391
id24919,0.15886,0.3354,0.50574
id21043,0.14752,0.00486,0.84763
id17796,0.00781,0.98888,0.00331
id02166,0.59258,0.05982,0.3476
id17503,0.98003,0.00659,0.01338
id21203,0.41931,0.18917,0.39152
id25626,0.99569,0.00137,0.00295
id09836,0.99417,0.00391,0.00192
id24202,0.0074,0.09038,0.90222
id27260,0.10289,0.05135,0.84577
id23167,0.01548,0.00454,0.97998
id10393,0.01141,0.98141,0.00717
id01171,0.77335,0.20806,0.01859
id06380,0.82613,0.16389,0.00998
id22686,0.09085,0.00461,0.90453
id26250,0.19259,0.07597,0.73144
id09315,0.34718,0.47663,0.17619
id00886,0.05963,0.87251,0.06786
id03101,0.91166,0.04839,0.03995
id12367,0.6383,0.07815,0.28355
id10770,0.55404,0.15282,0.29315
id14949,0.00699,0.98389,0.00911
id14141,0.18066,0.64466,0.17468
id25417,0.20505,0.391,0.40395
id26873,0.33475,0.07288,0.59237
id10818,0.27152,0.08315,0.64533
id15146,0.71911,0.097,0.18388
id23328,0.80249,0.0819,0.11561
id16765,0.25592,0.23823,0.50585
id24383,0.94326,0.02279,0.03395
id21304,0.42498,0.38124,0.19378
id12551,0.03573,0.96229,0.00197
id23274,0.04293,0.01719,0.93988
id08117,0.48289,0.04674,0.47037
id23961,0.96775,0.02352,0.00873
id13865,0.0082,0.97912,0.01268
id22807,0.50512,0.02691,0.46797
id08951,0.3085,0.14771,0.54379
id18684,0.93026,0.06506,0.00468
id25179,0.11513,0.79445,0.09042
id27033,0.70826,0.01063,0.28111
id13977,0.1634,0.81142,0.02518
id19337,0.00425,0.97905,0.0167
id25764,0.0151,0.94493,0.03996
id16106,0.33912,0.06118,0.5997
id05468,0.02403,0.00197,0.974
id05241,0.94009,0.01189,0.04802
id10215,0.3062,0.44331,0.25049
id23457,0.00449,0.00866,0.98685
id02200,0.98092,0.01334,0.00574
id13714,0.33429,0.46163,0.20408
id20332,0.00293,0.0002,0.99688
id18573,0.36774,0.10854,0.52372
id08569,0.85453,0.02266,0.12281
id22767,0.30919,0.61642,0.07439
id25390,0.09047,0.85522,0.05432
id09288,0.96575,0.02005,0.0142
id12381,0.96207,0.01408,0.02385
id02895,0.62592,0.11269,0.26139
id25270,0.03756,0.00212,0.96032
id14248,0.38033,0.23418,0.38549
id12831,0.61041,0.01492,0.37467
id18305,0.63136,0.0679,0.30075
id07805,0.97897,0.01475,0.00628
id14027,0.14269,0.06852,0.78879
id02760,0.06118,0.28113,0.65769
id24362,0.84137,0.0514,0.10723
id17065,0.35547,0.631,0.01353
id26583,0.046,0.22965,0.72435
id19664,0.9956,0.00412,0.00027
id25145,0.83264,0.03558,0.13178
id17858,0.15902,0.82953,0.01146
id05148,0.2236,0.66746,0.10893
id22928,0.54762,0.23491,0.21746
id21549,0.60608,0.00325,0.39067
id12649,0.09132,0.90415,0.00454
id21597,0.53815,0.12553,0.33632
id27945,0.77141,0.12964,0.09894
id00243,0.97478,0.00808,0.01714
id02745,0.52627,0.01467,0.45907
id23550,0.08128,0.018,0.90072
id13023,0.05608,0.00164,0.94228
id24796,0.16309,0.01833,0.81858
id12284,0.26033,0.6867,0.05296
id02664,0.00037,0.99203,0.0076
id23767,0.94985,0.03691,0.01324
id05859,0.04224,0.75947,0.19829
id14350,0.22805,0.15569,0.61626
id01191,0.23327,0.55953,0.2072
id17034,0.01488,0.00407,0.98105
id25292,0.85191,0.14617,0.00191
id22121,0.99831,0.00125,0.00045
id20872,0.99887,0.00055,0.00059
id17720,0.05592,0.93766,0.00642
id22658,0.20495,0.78134,0.01371
id09567,0.5742,0.35118,0.07462
id16445,0.76076,0.21902,0.02021
id08349,0.21506,0.50586,0.27908
id27437,0.24584,0.68371,0.07044
id03812,0.99858,0.00058,0.00084
id22304,0.66186,0.22215,0.11599
id04449,0.63474,0.21249,0.15277
id15605,0.84787,0.01607,0.13607
id01768,0.17073,0.26134,0.56793
id20019,0.33859,0.61006,0.05135
id09593,0.06131,0.59358,0.34511
id23179,0.43739,0.04631,0.5163
id21279,0.86118,0.12491,0.0139
id06711,0.11122,0.06252,0.82625
id14243,0.00553,0.99278,0.00169
id04839,0.00778,0.02122,0.971
id17220,0.01439,0.8769,0.10872
id24177,0.35074,0.47445,0.17481
id20512,0.02541,0.04721,0.92738
id14036,0.04407,0.95497,0.00095
id25001,0.0345,0.10919,0.85632
id06175,0.00173,0.99635,0.00192
id24720,0.42761,0.55193,0.02046
id08070,0.9486,0.03909,0.01231
id18934,0.93537,0.0244,0.04023
id01338,0.98309,0.00359,0.01331
id19008,0.09397,0.85525,0.05078
id19632,0.17342,0.65596,0.17062
id26224,0.0066,0.00271,0.99069
id08219,0.55101,0.06759,0.3814
id24008,0.00172,0.00207,0.99621
id12475,0.71126,0.18831,0.10042
id05766,0.05895,0.13601,0.80504
id27386,0.0003,0.99928,0.00042
id12476,0.02676,0.97224,0.00099
id08311,0.81652,0.05851,0.12497
id04996,0.15411,0.84035,0.00554
id17350,0.30873,0.68997,0.0013
id05546,0.0252,0.97199,0.00281
id16504,0.02924,0.96916,0.00159
id05782,0.01831,0.01478,0.96691
id20560,0.91542,0.07475,0.00983
id14171,0.16932,0.18104,0.64964
id27461,0.56183,0.10592,0.33224
id03581,0.24499,0.15089,0.60412
id21847,0.2532,0.0356,0.7112
id11712,0.86064,0.05744,0.08192
id26738,0.18893,0.12407,0.68701
id13668,0.99059,0.00902,0.00039
id15114,0.98624,0.0031,0.01066
id20130,0.31921,0.26356,0.41723
id18331,0.40472,0.01446,0.58082
id24465,0.99788,0.00094,0.00118
id13539,0.94889,0.04087,0.01024
id27564,0.00597,0.89541,0.09861
id26043,0.00607,0.00877,0.98516
id04965,6e-05,0.00022,0.99972
id08645,0.00408,0.00574,0.99018
id26610,0.42434,0.30954,0.26611
id21737,0.3233,0.61459,0.06212
id25784,0.00066,0.99872,0.00063
id23030,0.65234,0.24447,0.10319
id16450,0.02188,0.97238,0.00575
id02161,0.36649,0.0106,0.62291
id25535,0.93788,0.0338,0.02831
id16566,0.87133,0.00284,0.12583
id05714,0.99426,0.00384,0.0019
id16524,0.4704,0.47056,0.05904
id23941,0.04041,0.8426,0.11699
id00831,0.03516,0.08865,0.87619
id18145,0.44223,0.21653,0.34125
id17227,0.99421,0.00027,0.00552
id09417,0.6502,0.09707,0.25273
id21307,0.67966,0.06973,0.25061
id05650,0.02667,0.96519,0.00814
id23901,0.49526,0.26731,0.23742
id05831,0.99326,0.00078,0.00596
id16708,0.18349,0.43878,0.37773
id02281,0.1367,0.39608,0.46722
id11599,0.54019,0.14827,0.31154
id18353,0.2836,0.54876,0.16764
id07413,0.34352,0.6356,0.02088
id15653,0.00387,0.99335,0.00278
id09715,0.05397,0.00297,0.94305
id05108,0.01192,0.97643,0.01165
id09537,0.57674,0.27162,0.15164
id27596,0.83091,0.12141,0.04767
id24255,0.09255,0.00248,0.90498
id05080,0.0031,0.00059,0.99631
id09484,0.99005,0.00588,0.00407
id14864,0.1084,0.03889,0.85271
id26836,0.49237,0.21293,0.29469
id07003,0.47742,0.38077,0.14181
id13750,0.00011,0.99987,2e-05
id21799,0.03193,0.42141,0.54666
id11285,0.9996,0.00012,0.00028
id04735,0.90764,0.02472,0.06764
id23049,0.01523,0.02714,0.95763
id05826,0.24198,0.44414,0.31388
id17916,0.28336,0.69775,0.01889
id14081,0.47298,0.01071,0.51631
id10527,0.00742,0.00262,0.98996
id16059,0.27027,0.40085,0.32888
id25542,0.93116,0.06599,0.00285
id05402,0.00229,0.03067,0.96704
id01927,0.79595,0.01192,0.19212
id27656,0.62556,0.02708,0.34736
id06708,0.23051,0.22583,0.54367
id03524,0.48973,0.35679,0.15348
id12297,0.86233,0.03056,0.10711
id03439,0.90842,0.08207,0.00951
id04587,0.0001,0.99963,0.00028
id25470,0.03457,0.9654,4e-05
id01212,0.19032,0.68373,0.12595
id13932,0.4578,0.18258,0.35961
id00124,0.12093,0.03498,0.84409
id01592,0.97799,0.01108,0.01093
id13461,0.70159,0.14524,0.15317
id24681,0.01856,0.02145,0.95999
id23245,0.03523,0.00963,0.95515
id14073,0.11993,0.03399,0.84608
id05172,0.96305,0.00125,0.0357
id21979,0.31235,0.19272,0.49493
id00328,0.50045,0.09808,0.40147
id26102,0.70472,0.25586,0.03943
id14867,0.10442,0.41261,0.48298
id27544,0.12927,0.84967,0.02106
id16228,0.89971,0.01918,0.08111
id16342,0.29793,0.60915,0.09292
id24933,0.99493,0.00207,0.003
id04601,0.79271,0.08554,0.12175
id01599,0.01486,0.80375,0.18139
id06238,0.9088,0.0583,0.0329
id06826,0.35982,0.52177,0.11841
id23307,0.68253,0.30586,0.01161
id13575,0.90976,0.03802,0.05222
id24174,0.31308,0.05352,0.6334
id19534,0.1589,0.37014,0.47096
id19602,0.01394,0.00116,0.9849
id26962,0.10961,0.87914,0.01125
id04448,0.24286,0.75306,0.00408
id09786,0.30018,0.66964,0.03017
id25240,0.06014,0.93423,0.00563
id14893,0.8554,0.14287,0.00174
id24221,0.96787,0.02635,0.00578
id04696,0.74685,0.01955,0.23361
id15153,0.04973,0.34429,0.60598
id13882,0.00025,0.9997,5e-05
id17836,0.54679,0.3905,0.06271
id00574,0.04344,0.94304,0.01353
id02078,0.01526,0.92218,0.06255
id21206,0.14366,0.7751,0.08124
id20084,0.8653,0.0174,0.11729
id26598,0.03934,0.00114,0.95953
id06838,0.1231,0.02926,0.84765
id08786,0.51283,0.22079,0.26638
id09550,0.13857,0.19544,0.66599
id10206,0.75486,0.01644,0.2287
id21113,0.76161,0.19755,0.04084
id21151,0.15799,0.83877,0.00324
id02692,0.99406,0.00543,0.00051
id26446,0.43138,0.18893,0.37969
id07377,0.10603,0.89215,0.00182
id15998,0.59867,0.39446,0.00687
id19637,0.75981,0.05584,0.18435
id19735,0.218,0.62977,0.15224
id13739,0.12086,0.07612,0.80301
id25175,0.35709,0.49134,0.15157
id00563,0.20876,0.62986,0.16138
id09982,0.91364,0.02361,0.06275
id15459,2e-05,0.99998,0.0
id20785,0.08341,0.01053,0.90606
id07145,0.00812,0.13697,0.85491
id22204,0.42955,0.4193,0.15115
id09285,0.95846,0.00602,0.03552
id18157,0.01683,0.01549,0.96768
id12134,0.11071,0.03174,0.85755
id23914,0.86934,0.01882,0.11184
id10483,0.99808,0.00156,0.00036
id07092,0.96718,0.01858,0.01423
id14786,0.12699,0.64116,0.23185
id25741,0.80753,0.07862,0.11385
id09050,0.30539,0.68533,0.00928
id04938,0.79,0.06465,0.14534
id05901,0.29867,0.1423,0.55903
id16975,0.04776,0.9472,0.00504
id08547,0.05916,0.00181,0.93903
id16355,0.67966,0.03689,0.28346
id14568,0.68463,0.00258,0.31279
id25599,0.02773,0.733,0.23926
id01670,0.0265,0.97237,0.00113
id23945,0.17645,0.79746,0.02609
id17394,0.04541,0.00282,0.95177
id06501,0.01561,0.94186,0.04253
id26234,0.42447,0.56802,0.00751
id21280,0.02878,0.00237,0.96885
id20048,0.00458,0.00744,0.98797
id01216,0.34148,0.32615,0.33238
id25320,0.97497,0.0189,0.00613
id22833,0.17689,0.05156,0.77155
id22056,0.22073,0.53059,0.24868
id02275,0.04096,0.95078,0.00826
id26127,0.38881,0.05793,0.55326
id17011,0.11724,0.86057,0.02219
id13847,0.94662,0.01474,0.03865
id00013,0.05108,0.92549,0.02343
id16463,0.99091,0.00162,0.00747
id04845,0.24008,0.57877,0.18115
id01787,0.01551,0.04765,0.93684
id08637,0.75956,0.22315,0.0173
id11414,0.00114,0.0006,0.99826
id13177,0.198,0.51492,0.28709
id24517,0.86282,0.11249,0.02469
id26838,0.93212,0.00968,0.0582
id23081,0.00446,0.99084,0.0047
id16327,0.60742,0.31333,0.07925
id27282,0.01607,0.98352,0.00041
id07489,0.50375,0.12684,0.36941
id01718,0.03624,0.0198,0.94396
id15441,0.51422,0.22024,0.26554
id27736,0.01378,0.26532,0.7209
id16324,0.01488,0.25345,0.73167
id12027,0.03348,0.01282,0.9537
id24653,0.0094,0.99055,5e-05
id17541,0.27493,0.01327,0.7118
id22406,0.33177,0.43817,0.23006
id18356,0.65461,0.07048,0.27492
id04505,0.05211,0.86842,0.07948
id04246,0.87931,0.04642,0.07427
id07368,0.35857,0.1461,0.49533
id26185,0.13622,0.0022,0.86158
id08878,0.39821,0.52148,0.08031
id27691,0.01179,0.01152,0.97669
id18004,0.28848,0.38371,0.32781
id24426,0.82934,0.06973,0.10092
id14164,0.97039,0.02258,0.00702
id12653,0.00399,0.99376,0.00225
id18060,0.22625,0.12165,0.6521
id18556,0.26304,0.26383,0.47313
id27371,0.02419,0.10769,0.86812
id11989,0.32529,0.30836,0.36636
id26095,0.98775,0.00353,0.00872
id24978,0.39675,0.11666,0.48659
id20322,0.78651,0.03667,0.17682
id01954,0.86618,0.12919,0.00463
id07434,0.77573,0.06659,0.15768
id18144,0.01722,0.00715,0.97562
id16250,0.35049,0.5994,0.05012
id17793,0.09108,0.15909,0.74983
id24067,0.66301,0.00636,0.33063
id13891,0.04862,0.00074,0.95064
id07334,0.13417,0.64504,0.22079
id15633,0.00138,0.9983,0.00032
id23239,0.92735,0.02905,0.0436
id10674,0.28481,0.14707,0.56811
id22093,0.32798,0.3089,0.36312
id08444,0.25494,0.68559,0.05947
id03257,0.04235,0.0843,0.87335
id10040,0.60327,0.38569,0.01104
id04902,0.00298,0.00044,0.99658
id01219,0.92277,0.04015,0.03708
id01340,0.79953,0.16137,0.0391
id05117,0.01161,0.98185,0.00654
id04908,0.18349,0.02365,0.79287
id03626,0.08837,0.12311,0.78852
id01888,0.92459,0.04024,0.03517
id17199,0.36858,0.04459,0.58683
id11200,0.39342,0.59202,0.01456
id27561,0.26438,0.18665,0.54897
id20966,0.03348,0.91306,0.05345
id10257,0.02839,0.96646,0.00515
id21168,0.01471,0.90094,0.08435
id23363,0.0539,0.03009,0.91601
id05321,0.90861,0.05921,0.03218
id09928,0.01176,0.0107,0.97753
id18015,0.97507,0.02346,0.00146
id02082,0.01403,0.98478,0.00119
id19279,0.93853,0.02663,0.03484
id08541,0.19894,0.61499,0.18607
id15249,0.04467,0.92943,0.0259
id03609,0.12946,0.48292,0.38763
id22902,0.18767,0.01267,0.79967
id17733,0.98323,0.01665,0.00011
id07554,0.15341,0.23607,0.61052
id14120,0.7542,0.17798,0.06782
id21802,0.21723,0.75341,0.02936
id15614,0.02911,0.96898,0.00192
id19437,0.01033,0.00192,0.98775
id22698,0.88738,0.10302,0.00959
id21841,0.00361,0.99165,0.00475
id16177,0.68048,0.23214,0.08738
id15887,0.10677,0.18602,0.70721
id22629,0.6095,0.16797,0.22253
id10346,0.90501,0.03605,0.05893
id05154,0.92717,0.01765,0.05517
id22913,0.28342,0.70555,0.01103
id10544,0.34358,0.21684,0.43958
id08703,0.20217,0.78662,0.01122
id12817,0.18647,0.00802,0.80551
id25433,0.55171,0.14045,0.30784
id25112,0.47077,0.02144,0.50779
id05054,0.1747,0.73725,0.08805
id02311,0.24336,0.38743,0.36921
id22160,0.3235,0.6306,0.0459
id17422,0.99839,0.00115,0.00046
id18985,0.61019,0.35717,0.03264
id21905,0.0398,0.00608,0.95412
id17474,0.85996,0.00973,0.13031
id15236,0.03966,0.95121,0.00913
id13964,0.51858,0.10155,0.37987
id15962,0.00135,0.99299,0.00566
id20866,0.0718,0.38885,0.53935
id06625,0.46151,0.01551,0.52297
id09793,0.50051,0.04114,0.45836
id17365,0.48323,0.50588,0.01089
id18463,0.24294,0.72334,0.03372
id20693,0.0881,0.43972,0.47217
id08785,0.00745,0.99232,0.00022
id06783,0.02746,0.64331,0.32923
id23178,0.48865,0.08754,0.42381
id13513,0.1754,0.70878,0.11582
id25361,0.04213,0.01346,0.94441
id22319,0.6694,0.23667,0.09393
id14024,0.58742,0.08737,0.32521
id24186,0.23053,0.74798,0.02149
id20965,0.87226,0.09485,0.03289
id06242,0.06031,0.02114,0.91855
id25665,0.11455,0.25679,0.62867
id09706,0.67872,0.02027,0.30101
id11026,0.0005,0.99795,0.00155
id04223,0.71023,0.26529,0.02448
id19674,0.00053,0.99157,0.00789
id23420,0.09129,0.24051,0.6682
id18059,0.02218,0.9703,0.00752
id22576,0.83279,0.02605,0.14116
id18495,0.00136,0.99402,0.00462
id14139,0.98086,0.01104,0.0081
id18313,0.11522,0.85284,0.03194
id27356,0.95011,0.0482,0.0017
id16035,0.03307,0.00387,0.96306
id04182,0.77573,0.06516,0.15911
id15667,0.98892,0.00267,0.00842
id08713,0.9964,0.00205,0.00155
id25563,0.00905,0.98832,0.00262
id17023,0.97269,0.02554,0.00177
id03014,3e-05,0.99774,0.00224
id23812,0.07026,0.92808,0.00166
id20057,0.03625,0.46168,0.50207
id12385,0.57791,0.32926,0.09283
id24416,0.43878,0.55732,0.00389
id15672,0.14736,0.41327,0.43937
id13868,0.64542,0.35013,0.00445
id21095,0.01534,0.01555,0.96912
id05305,0.29539,0.51452,0.1901
id15384,0.11989,0.06485,0.81525
id14049,0.04593,0.00833,0.94574
id23441,0.70479,0.26376,0.03145
id12856,0.42985,0.02573,0.54442
id16055,0.01124,0.00245,0.98631
id24771,0.17173,0.74666,0.08161
id14053,0.83046,0.07621,0.09334
id19547,0.00776,0.06552,0.92672
id03639,0.02669,0.95716,0.01615
id14546,0.93526,0.0561,0.00864
id13935,0.57134,0.0546,0.37406
id20335,0.00695,0.79448,0.19857
id07301,0.25871,0.13501,0.60629
id10186,0.58182,0.05041,0.36777
id00192,0.6158,0.10609,0.27811
id17851,0.97983,0.01875,0.00141
id08403,0.35141,0.6014,0.04719
id06183,0.17146,0.0299,0.79864
id24738,0.20059,0.40849,0.39092
id15112,0.84934,0.00383,0.14683
id19819,0.00518,0.00709,0.98773
id17722,0.00374,0.00079,0.99547
id24273,0.05649,0.93997,0.00354
id18939,0.14958,0.01806,0.83237
id16076,0.43296,0.49376,0.07328
id23158,0.08156,0.01157,0.90687
id12745,0.95897,0.01987,0.02116
id22538,0.15288,0.41065,0.43647
id14975,0.59418,0.37984,0.02599
id27537,0.30949,0.64141,0.0491
id06632,0.42269,0.04629,0.53102
id08100,0.03174,0.95851,0.00975
id00843,0.97061,0.00445,0.02494
id22159,0.1016,0.0055,0.8929
id18672,0.68406,0.0583,0.25765
id06916,0.20585,0.68545,0.1087
id22212,0.10119,0.23564,0.66317
id00273,0.32624,0.14597,0.52779
id26325,0.09123,0.8308,0.07797
id23683,0.05674,0.93647,0.00679
id14419,0.32557,0.60951,0.06492
id11931,0.00128,0.99841,0.00032
id00568,0.18865,0.75567,0.05569
id12271,0.88493,0.0457,0.06937
id12622,0.92882,0.0674,0.00378
id03156,0.41135,0.35944,0.22921
id25592,0.61548,0.2357,0.14882
id24367,0.92248,0.0169,0.06062
id16007,0.02178,0.01513,0.96308
id04785,0.2519,0.34929,0.39881
id07888,0.0241,0.1234,0.85251
id13557,0.02663,0.96799,0.00538
id20726,0.62917,0.05128,0.31955
id09580,0.84188,0.14439,0.01374
id05173,0.06741,0.88591,0.04668
id10394,0.03302,0.96552,0.00146
id03926,0.2115,0.59982,0.18869
id07264,0.96247,0.0014,0.03613
id01862,0.01209,0.91247,0.07544
id20808,0.09032,0.86681,0.04287
id26658,0.81561,0.08069,0.10369
id04479,0.30549,0.24701,0.44749
id17445,0.5103,0.38717,0.10253
id04430,0.00018,0.99218,0.00764
id06052,0.3798,0.01321,0.60699
id11485,0.17215,0.21235,0.6155
id13060,0.62159,0.05127,0.32715
id20873,0.71747,0.15356,0.12896
id21927,0.05734,0.91383,0.02882
id02736,0.79293,0.00946,0.19761
id11234,0.29613,0.24951,0.45436
id27894,0.99068,0.00138,0.00794
id23208,0.2544,0.07438,0.67122
id18470,0.30523,0.59627,0.09851
id23172,0.01512,0.96862,0.01625
id08752,0.28853,0.20803,0.50345
id14242,0.05361,0.30861,0.63778
id22908,0.71298,0.20225,0.08477
id17454,0.15234,0.44127,0.4064
id23797,0.977,0.00759,0.01541
id03788,0.87577,0.05769,0.06654
id23682,0.1352,0.04348,0.82132
id07179,0.96944,0.02917,0.00138
id09746,0.10816,0.87207,0.01977
id26613,0.14779,0.15668,0.69553
id05142,0.99848,0.00112,0.0004
id04825,0.01143,0.89566,0.09291
id13691,0.20189,0.26345,0.53465
id14183,0.00332,0.00174,0.99494
id19519,0.63086,0.12954,0.23959
id26685,0.56309,0.01536,0.42155
id07937,0.32547,0.19664,0.47789
id10574,0.02737,0.97247,0.00016
id15310,0.00423,0.99352,0.00225
id27311,0.00395,0.00066,0.99539
id11590,0.45881,0.14754,0.39365
id19798,0.03774,0.79753,0.16473
id12201,0.84561,0.11193,0.04246
id12460,0.19755,0.31178,0.49067
id12019,0.88577,0.09353,0.0207
id08046,0.53811,0.08005,0.38184
id02989,0.29344,0.30412,0.40244
id26905,0.0892,0.10415,0.80665
id09779,0.99631,0.00263,0.00107
id04359,0.49027,0.10881,0.40092
id01526,0.82893,0.12151,0.04955
id22325,0.14345,0.67163,0.18492
id27878,0.19925,0.14904,0.65171
id06413,0.00409,0.99202,0.00388
id12616,0.12619,0.85933,0.01448
id05301,0.88533,0.01025,0.10442
id13258,0.4065,0.16577,0.42773
id08789,0.01277,0.9475,0.03973
id11776,0.00148,0.9948,0.00372
id21899,0.45963,0.53374,0.00662
id18108,0.34024,0.07626,0.58351
id23585,0.50052,0.32607,0.17341
id22122,0.34971,0.02316,0.62713
id22855,0.52837,0.35879,0.11284
id19551,0.57536,0.00159,0.42304
id18535,0.00405,0.98225,0.0137
id15115,0.3959,0.18256,0.42154
id00678,0.99534,0.00461,5e-05
id21876,0.48659,0.37287,0.14054
id01553,0.33266,0.33178,0.33557
id09456,0.87405,0.11622,0.00973
id01455,0.12749,0.81448,0.05802
id02454,0.00031,0.99959,0.0001
id07911,0.71628,0.03327,0.25045
id13383,0.77177,0.17191,0.05632
id19953,0.51085,0.1462,0.34294
id10316,0.4509,0.36211,0.18698
id01991,0.43457,0.09071,0.47471
id19176,0.9507,0.0376,0.0117
id06744,0.31821,0.21651,0.46528
id09999,0.3482,0.01372,0.63807
id11253,0.17938,0.02743,0.7932
id15089,0.03139,0.95315,0.01547
id16821,0.10167,0.00562,0.89271
id08256,0.98789,0.00496,0.00715
id14844,0.81216,0.0502,0.13765
id25950,0.03001,0.93451,0.03548
id11961,0.00025,0.99658,0.00317
id00092,0.00236,0.1855,0.81213
id13083,0.0074,0.17023,0.82237
id25825,0.63772,0.12246,0.23983
id03045,0.01867,0.02526,0.95607
id19037,0.49061,0.25332,0.25607
id24357,0.11414,0.0282,0.85766
id24449,0.11203,0.2184,0.66958
id22847,0.00242,0.99519,0.00238
id27720,0.98592,0.0091,0.00499
id11619,0.30946,0.67489,0.01566
id03129,0.96058,0.01637,0.02305
id04264,0.00177,0.99819,3e-05
id19748,0.08294,0.04257,0.87449
id20851,0.00498,0.0094,0.98562
id13277,0.87029,0.10604,0.02367
id06419,0.10737,0.88766,0.00497
id00581,0.61494,0.12147,0.26359
id08765,0.70159,0.06145,0.23695
id13492,0.1526,0.60027,0.24713
id12049,0.34095,0.38418,0.27487
id12700,0.89952,0.06022,0.04026
id07697,0.98567,0.01014,0.00419
id00262,0.00252,0.99656,0.00091
id20969,0.16122,0.47581,0.36297
id18465,0.03851,0.00279,0.9587
id10027,0.00022,0.99757,0.00221
id03007,0.05956,0.8342,0.10625
id23465,0.45338,0.03106,0.51556
id09086,0.84352,0.01823,0.13824
id08015,0.24843,0.50777,0.2438
id04285,0.49716,0.22267,0.28017
id04356,0.02263,0.0042,0.97317
id03554,0.28569,0.53466,0.17965
id06922,0.37961,0.49437,0.12602
id15733,0.00274,0.9968,0.00046
id24934,0.33126,0.01469,0.65405
id05529,0.80821,0.13419,0.0576
id00298,0.00685,0.91779,0.07537
id08158,0.70909,0.06758,0.22333
id15135,0.50371,0.13878,0.3575
id06574,0.51911,0.47636,0.00453
id20017,9e-05,0.99753,0.00238
id14386,0.21972,0.06141,0.71887
id24226,0.85959,0.13407,0.00635
id24212,0.85665,0.093,0.05035
id14116,0.0019,0.00274,0.99537
id14500,0.10606,0.00218,0.89176
id22744,0.14076,0.11032,0.74892
id16163,0.99785,0.00116,0.00099
id17883,0.92265,0.04077,0.03657
id04631,0.07548,0.43216,0.49236
id26517,0.49236,0.28337,0.22428
id12655,0.04098,0.90353,0.05549
id01505,0.84154,0.03888,0.11957
id00104,0.04495,0.0043,0.95076
id20387,0.5449,0.20465,0.25045
id02843,0.06706,0.2448,0.68814
id04361,0.31148,0.02456,0.66396
id26813,0.9818,0.01225,0.00595
id01466,0.01167,0.96102,0.02731
id17090,0.14719,0.60467,0.24813
id06691,0.22305,0.04802,0.72893
id09408,0.5006,0.27727,0.22213
id15285,0.92228,0.01844,0.05928
id16283,0.99543,0.00152,0.00305
id12607,0.47575,0.24257,0.28168
id25965,0.49114,0.03797,0.47089
id07268,0.00036,0.99664,0.003
id13529,0.00581,0.12419,0.87
id11969,0.01009,0.9867,0.00322
id20299,0.0001,0.99498,0.00492
id08770,0.08381,0.02737,0.88881
id20730,0.59127,0.16466,0.24407
id06333,0.00092,0.99871,0.00036
id27451,0.98107,0.00762,0.01131
id12111,0.26907,0.05329,0.67764
id06609,0.18939,0.0149,0.79571
id12299,0.9892,0.00664,0.00415
id23264,0.99656,0.00014,0.0033
id04222,0.36314,0.34506,0.2918
id17229,0.01682,0.98136,0.00181
id24365,0.00781,0.01122,0.98098
id18294,0.02237,0.97649,0.00113
id04493,0.49865,0.32076,0.18059
id27575,0.97417,0.00677,0.01906
id03801,0.64049,0.0496,0.30991
id11611,0.29355,0.22193,0.48452
id01632,0.05969,0.05055,0.88976
id06510,0.19024,0.78587,0.02389
id20431,0.30745,0.11162,0.58092
id23529,0.60572,0.22942,0.16486
id13951,0.12378,0.03192,0.8443
id00803,0.02364,0.96517,0.01119
id06737,0.60447,0.21401,0.18152
id24288,0.63697,0.01435,0.34867
id08385,0.03479,0.93309,0.03212
id22859,0.00392,0.99539,0.0007
id22234,0.04146,0.21923,0.73931
id10365,0.00272,0.99722,5e-05
id00865,0.09507,0.17867,0.72627
id19405,0.00324,0.00818,0.98857
id11246,0.02176,0.01249,0.96575
id19587,0.01022,0.08178,0.908
id24614,0.28098,0.67099,0.04804
id23623,0.97241,0.01747,0.01012
id15271,0.30555,0.00962,0.68483
id20478,0.07876,0.00208,0.91916
id25277,0.65209,0.00721,0.3407
id22004,0.98855,0.00443,0.00702
id16728,0.00054,0.99925,0.00022
id06907,0.49408,0.32081,0.18511
id11895,0.00603,0.98617,0.00781
id13802,0.63073,0.08179,0.28748
id18459,0.35868,0.6253,0.01602
id21371,0.70852,0.02592,0.26556
id11408,0.01237,0.98743,0.0002
id05442,0.60636,0.33224,0.0614
id21499,0.51495,0.14368,0.34137
id18066,0.18193,0.62797,0.1901
id23617,0.10316,0.06443,0.83241
id07725,0.00614,0.20787,0.78599
id24627,0.47115,0.10976,0.41909
id19108,0.98399,0.01072,0.00529
id11800,0.02623,0.00214,0.97163
id14588,0.99099,0.00458,0.00443
id27474,0.79604,0.17729,0.02667
id07924,0.93579,0.04393,0.02027
id10772,0.85529,0.10183,0.04288
